-300 -1
-299 -1
-298 -1
-297 -1
-296 -1
-295 -1
-294 -1
-293 -1
-292 -1
-291 -1
-290 -1
-289 -1
-288 -1
-287 -1
-286 -1
-285 -1
-284 -1
-283 -1
-282 -1
-281 -1
-280 -1
-279 -1
-278 -1
-277 -1
-276 -1
-275 -1
-274 -1
-273 -1
-272 -1
-271 -1
-270 -1
-269 -1
-268 -1
-267 -1
-266 -1
-265 -1
-264 -1
-263 -1
-262 -1
-261 -1
-260 -1
-259 -1
-258 -1
-257 -1
-256 -1
-255 -1
-254 -1
-253 -1
-252 -1
-251 -1
-250 -1
-249 -1
-248 -1
-247 -1
-246 -1
-245 -1
-244 -1
-243 -1
-242 -1
-241 -1
-240 -1
-239 -1
-238 -1
-237 -1
-236 -1
-235 -1
-234 -1
-233 -1
-232 -1
-231 -1
-230 -1
-229 -1
-228 -1
-227 -1
-226 -1
-225 -1
-224 -1
-223 -1
-222 -1
-221 -1
-220 -1
-219 -1
-218 -1
-217 -1
-216 -1
-215 -1
-214 -1
-213 -1
-212 -1
-211 -1
-210 -1
-209 -1
-208 -1
-207 -1
-206 -1
-205 -1
-204 -1
-203 -1
-202 -1
-201 -1
-200 -1
-199 -1
-198 -1
-197 -1
-196 -1
-195 -1
-194 -1
-193 -1
-192 -1
-191 -1
-190 -1
-189 -1
-188 -1
-187 -1
-186 -1
-185 -1
-184 -1
-183 -1
-182 -1
-181 -1
-180 -1
-179 -1
-178 -1
-177 -1
-176 -1
-175 -1
-174 -1
-173 -1
-172 -1
-171 -1
-170 -1
-169 -1
-168 -1
-167 -1
-166 -1
-165 -1
-164 -1
-163 -1
-162 -1
-161 -1
-160 -1
-159 -1
-158 -1
-157 -1
-156 -1
-155 -1
-154 -1
-153 -1
-152 -1
-151 -1
-150 -1
-149 -1
-148 -1
-147 -1
-146 -1
-145 -1
-144 -1
-143 -1
-142 -1
-141 -1
-140 -1
-139 -1
-138 -1
-137 -1
-136 -1
-135 -1
-134 -1
-133 -1
-132 -1
-131 -1
-130 -1
-129 -1
-128 -1
-127 -1
-126 -1
-125 -1
-124 -1
-123 -1
-122 -1
-121 -1
-120 -1
-119 -1
-118 -1
-117 -1
-116 -1
-115 -1
-114 -1
-113 -1
-112 -1
-111 -1
-110 -1
-109 -1
-108 -1
-107 -1
-106 -1
-105 -1
-104 -1
-103 -1
-102 -1
-101 -1
-100 -1
-99 -1
-98 -1
-97 -1
-96 -1
-95 -1
-94 -1
-93 -1
-92 -1
-91 -1
-90 -1
-89 -1
-88 -1
-87 -1
-86 -1
-85 -1
-84 -1
-83 -1
-82 -1
-81 -1
-80 -1
-79 -1
-78 -1
-77 -1
-76 -1
-75 -1
-74 -1
-73 -1
-72 -1
-71 -1
-70 -1
-69 -1
-68 1
-67 1
-66 1
-65 1
-64 1
-63 1
-62 1
-61 1
-60 1
-59 0
-58 0
-57 0
-56 0
-55 0
-54 0
-53 0
-52 0
-51 0
-50 0
-49 0
-48 0
-47 0
-46 0
-45 0
-44 0
-43 0
-42 0
-41 0
-40 0
-39 0
-38 0
-37 0
-36 0
-35 0
-34 0
-33 0
-32 0
-31 0
-30 0
-29 0
-28 0
-27 0
-26 0
-25 0
-24 0
-23 0
-22 0
-21 0
-20 0
-19 0
-18 0
-17 0
-16 0
-15 0
-14 0
-13 0
-12 0
-11 0
-10 0
-9 0
-8 0
-7 0
-6 1
-5 1
-4 1
-3 1
-2 1
-1 1
0 1
1 1
2 1
3 1
4 1
5 1
6 1
7 1
8 1
9 1
10 1
11 1
12 1
13 1
14 1
15 1
16 1
17 0
18 0
19 0
20 0
21 0
22 0
23 0
24 0
25 0
26 0
27 0
28 0
29 0
30 0
31 0
32 0
33 0
34 0
35 0
36 0
37 0
38 0
39 0
40 0
41 0
42 0
43 0
44 0
45 0
46 0
47 0
48 0
49 0
50 0
51 0
52 0
53 0
54 0
55 0
56 0
57 0
58 0
59 0
60 0
61 0
62 1
63 1
64 1
65 1
66 1
67 1
68 1
69 1
70 1
71 1
72 1
73 1
74 1
75 1
76 1
77 1
78 1
79 1
80 1
81 1
82 1
83 1
84 0
85 0
86 0
87 0
88 0
89 0
90 0
91 0
92 0
93 0
94 0
95 0
96 0
97 0
98 0
99 0
100 0
101 0
102 0
103 0
104 0
105 0
106 0
107 0
108 0
109 0
110 0
111 0
112 0
113 0
114 0
115 0
116 0
117 0
118 0
119 0
120 0
121 0
122 0
123 0
124 0
125 0
126 0
127 0
128 0
129 0
130 0
131 0
132 0
133 0
134 0
135 0
136 0
137 0
138 0
139 0
140 0
141 0
142 0
143 0
144 0
145 0
146 0
147 0
148 0
149 0
150 0
151 0
152 0
153 0
154 0
155 0
156 0
157 0
158 0
159 0
160 0
161 0
162 0
163 0
164 0
165 0
166 0
167 0
168 0
169 0
170 0
171 0
172 0
173 0
174 0
175 0
176 0
177 0
178 0
179 0
180 0
181 0
182 1
183 -1
184 -1
185 -1
186 -1
187 -1
188 -1
189 -1
190 -1
191 -1
192 -1
193 -1
194 -1
195 -1
196 -1
197 -1
198 -1
199 -1
200 -1
201 -1
202 -1
203 -1
204 -1
205 -1
206 -1
207 -1
208 -1
209 -1
210 -1
211 -1
212 -1
213 -1
214 -1
215 -1
216 -1
217 -1
218 -1
219 -1
220 -1
221 -1
222 -1
223 -1
224 -1
225 -1
226 -1
227 -1
228 -1
229 -1
230 -1
231 -1
232 -1
233 -1
234 -1
235 -1
236 -1
237 -1
238 -1
239 -1
240 -1
241 -1
242 -1
243 -1
244 -1
245 -1
246 -1
247 -1
248 -1
249 -1
250 -1
251 -1
252 -1
253 -1
254 -1
255 -1
256 -1
257 -1
258 -1
259 -1
260 -1
261 -1
262 -1
263 -1
264 -1
265 -1
266 -1
267 -1
268 -1
269 -1
270 -1
271 -1
272 -1
273 -1
274 -1
275 -1
276 -1
277 -1
278 -1
279 -1
280 -1
281 -1
282 -1
283 -1
284 -1
285 -1
286 -1
287 -1
288 -1
289 -1
290 -1
291 -1
292 -1
293 -1
294 -1
295 -1
296 -1
297 -1
298 -1
299 -1
300 -1
