-299.5 -1
-298.5 -1
-297.5 -1
-296.5 -1
-295.5 -1
-294.5 -1
-293.5 -1
-292.5 -1
-291.5 -1
-290.5 -1
-289.5 -1
-288.5 -1
-287.5 -1
-286.5 -1
-285.5 -1
-284.5 -1
-283.5 -1
-282.5 -1
-281.5 -1
-280.5 -1
-279.5 -1
-278.5 -1
-277.5 -1
-276.5 -1
-275.5 -1
-274.5 -1
-273.5 -1
-272.5 -1
-271.5 -1
-270.5 -1
-269.5 -1
-268.5 -1
-267.5 -1
-266.5 -1
-265.5 -1
-264.5 -1
-263.5 -1
-262.5 -1
-261.5 -1
-260.5 -1
-259.5 -1
-258.5 -1
-257.5 -1
-256.5 -1
-255.5 -1
-254.5 -1
-253.5 -1
-252.5 -1
-251.5 -1
-250.5 -1
-249.5 -1
-248.5 -1
-247.5 -1
-246.5 -1
-245.5 -1
-244.5 -1
-243.5 -1
-242.5 -1
-241.5 -1
-240.5 -1
-239.5 -1
-238.5 -1
-237.5 -1
-236.5 -1
-235.5 -1
-234.5 -1
-233.5 -1
-232.5 -1
-231.5 -1
-230.5 -1
-229.5 -1
-228.5 -1
-227.5 -1
-226.5 -1
-225.5 -1
-224.5 -1
-223.5 -1
-222.5 -1
-221.5 -1
-220.5 -1
-219.5 -1
-218.5 -1
-217.5 -1
-216.5 -1
-215.5 -1
-214.5 -1
-213.5 -1
-212.5 -1
-211.5 -1
-210.5 -1
-209.5 -1
-208.5 -1
-207.5 -1
-206.5 -1
-205.5 -1
-204.5 -1
-203.5 -1
-202.5 -1
-201.5 -1
-200.5 -1
-199.5 -1
-198.5 -1
-197.5 -1
-196.5 -1
-195.5 -1
-194.5 -1
-193.5 -1
-192.5 -1
-191.5 -1
-190.5 -1
-189.5 -1
-188.5 -1
-187.5 -1
-186.5 -1
-185.5 -1
-184.5 -1
-183.5 -1
-182.5 -1
-181.5 -1
-180.5 -1
-179.5 -1
-178.5 -1
-177.5 -1
-176.5 -1
-175.5 -1
-174.5 -1
-173.5 -1
-172.5 -1
-171.5 -1
-170.5 -1
-169.5 -1
-168.5 -1
-167.5 -1
-166.5 -1
-165.5 -1
-164.5 -1
-163.5 -1
-162.5 -1
-161.5 -1
-160.5 -1
-159.5 -1
-158.5 -1
-157.5 -1
-156.5 -1
-155.5 -1
-154.5 -1
-153.5 -1
-152.5 -1
-151.5 -1
-150.5 -1
-149.5 0
-148.5 0
-147.5 0
-146.5 0
-145.5 0
-144.5 0
-143.5 0
-142.5 0
-141.5 0
-140.5 0
-139.5 0
-138.5 0
-137.5 0
-136.5 0
-135.5 0
-134.5 0
-133.5 0
-132.5 0
-131.5 0
-130.5 0
-129.5 1
-128.5 0
-127.5 0
-126.5 0
-125.5 0
-124.5 0
-123.5 0
-122.5 1
-121.5 0
-120.5 0
-119.5 0
-118.5 0
-117.5 0
-116.5 0
-115.5 0
-114.5 0
-113.5 0
-112.5 0
-111.5 0
-110.5 0
-109.5 0
-108.5 0
-107.5 0
-106.5 0
-105.5 0
-104.5 0
-103.5 0
-102.5 0
-101.5 0
-100.5 0
-99.5 0
-98.5 0
-97.5 1
-96.5 0
-95.5 0
-94.5 0
-93.5 0
-92.5 0
-91.5 0
-90.5 0
-89.5 0
-88.5 0
-87.5 0
-86.5 0
-85.5 0
-84.5 0
-83.5 0
-82.5 0
-81.5 0
-80.5 0
-79.5 0
-78.5 0
-77.5 1
-76.5 0
-75.5 0
-74.5 0
-73.5 0
-72.5 0
-71.5 0
-70.5 0
-69.5 0
-68.5 0
-67.5 0
-66.5 0
-65.5 0
-64.5 0
-63.5 0
-62.5 0
-61.5 0
-60.5 0
-59.5 0
-58.5 0
-57.5 0
-56.5 0
-55.5 0
-54.5 0
-53.5 0
-52.5 0
-51.5 0
-50.5 2
-49.5 0
-48.5 0
-47.5 0
-46.5 0
-45.5 2
-44.5 0
-43.5 0
-42.5 0
-41.5 0
-40.5 0
-39.5 0
-38.5 0
-37.5 0
-36.5 0
-35.5 0
-34.5 0
-33.5 0
-32.5 0
-31.5 0
-30.5 0
-29.5 0
-28.5 2
-27.5 0
-26.5 0
-25.5 0
-24.5 0
-23.5 0
-22.5 0
-21.5 0
-20.5 0
-19.5 0
-18.5 0
-17.5 0
-16.5 0
-15.5 0
-14.5 0
-13.5 0
-12.5 0
-11.5 0
-10.5 0
-9.5 0
-8.5 0
-7.5 2
-6.5 0
-5.5 0
-4.5 0
-3.5 0
-2.5 0
-1.5 0
-0.5 0
0.5 0
1.5 0
2.5 0
3.5 0
4.5 0
5.5 0
6.5 0
7.5 0
8.5 0
9.5 0
10.5 1
11.5 0
12.5 0
13.5 2
14.5 0
15.5 0
16.5 2
17.5 0
18.5 0
19.5 0
20.5 0
21.5 0
22.5 0
23.5 0
24.5 0
25.5 0
26.5 0
27.5 0
28.5 2
29.5 0
30.5 0
31.5 2
32.5 0
33.5 0
34.5 0
35.5 0
36.5 0
37.5 0
38.5 0
39.5 0
40.5 0
41.5 0
42.5 0
43.5 0
44.5 2
45.5 0
46.5 0
47.5 0
48.5 2
49.5 0
50.5 0
51.5 0
52.5 2
53.5 0
54.5 0
55.5 0
56.5 2
57.5 0
58.5 0
59.5 0
60.5 2
61.5 0
62.5 0
63.5 0
64.5 0
65.5 0
66.5 0
67.5 0
68.5 0
69.5 0
70.5 0
71.5 0
72.5 0
73.5 0
74.5 0
75.5 0
76.5 0
77.5 0
78.5 0
79.5 0
80.5 1
81.5 0
82.5 0
83.5 2
84.5 0
85.5 0
86.5 2
87.5 0
88.5 0
89.5 0
90.5 0
91.5 0
92.5 0
93.5 0
94.5 0
95.5 0
96.5 0
97.5 0
98.5 0
99.5 0
100.5 0
101.5 0
102.5 0
103.5 0
104.5 0
105.5 0
106.5 0
107.5 0
108.5 0
109.5 0
110.5 0
111.5 0
112.5 0
113.5 0
114.5 2
115.5 0
116.5 -1
117.5 -1
118.5 -1
119.5 -1
120.5 -1
121.5 -1
122.5 -1
123.5 -1
124.5 -1
125.5 -1
126.5 -1
127.5 -1
128.5 -1
129.5 -1
130.5 -1
131.5 -1
132.5 -1
133.5 -1
134.5 -1
135.5 -1
136.5 -1
137.5 -1
138.5 -1
139.5 -1
140.5 -1
141.5 -1
142.5 -1
143.5 -1
144.5 -1
145.5 -1
146.5 -1
147.5 -1
148.5 -1
149.5 -1
150.5 -1
151.5 -1
152.5 -1
153.5 -1
154.5 -1
155.5 -1
156.5 -1
157.5 -1
158.5 -1
159.5 -1
160.5 -1
161.5 -1
162.5 -1
163.5 -1
164.5 -1
165.5 -1
166.5 -1
167.5 -1
168.5 -1
169.5 -1
170.5 -1
171.5 -1
172.5 -1
173.5 -1
174.5 -1
175.5 -1
176.5 -1
177.5 -1
178.5 -1
179.5 -1
180.5 -1
181.5 -1
182.5 -1
183.5 -1
184.5 -1
185.5 -1
186.5 -1
187.5 -1
188.5 -1
189.5 -1
190.5 -1
191.5 -1
192.5 -1
193.5 -1
194.5 -1
195.5 -1
196.5 -1
197.5 -1
198.5 -1
199.5 -1
200.5 -1
201.5 -1
202.5 -1
203.5 -1
204.5 -1
205.5 -1
206.5 -1
207.5 -1
208.5 -1
209.5 -1
210.5 -1
211.5 -1
212.5 -1
213.5 -1
214.5 -1
215.5 -1
216.5 -1
217.5 -1
218.5 -1
219.5 -1
220.5 -1
221.5 -1
222.5 -1
223.5 -1
224.5 -1
225.5 -1
226.5 -1
227.5 -1
228.5 -1
229.5 -1
230.5 -1
231.5 -1
232.5 -1
233.5 -1
234.5 -1
235.5 -1
236.5 -1
237.5 -1
238.5 -1
239.5 -1
240.5 -1
241.5 -1
242.5 -1
243.5 -1
244.5 -1
245.5 -1
246.5 -1
247.5 -1
248.5 -1
249.5 -1
250.5 -1
251.5 -1
252.5 -1
253.5 -1
254.5 -1
255.5 -1
256.5 -1
257.5 -1
258.5 -1
259.5 -1
260.5 -1
261.5 -1
262.5 -1
263.5 -1
264.5 -1
265.5 -1
266.5 -1
267.5 -1
268.5 -1
269.5 -1
270.5 -1
271.5 -1
272.5 -1
273.5 -1
274.5 -1
275.5 -1
276.5 -1
277.5 -1
278.5 -1
279.5 -1
280.5 -1
281.5 -1
282.5 -1
283.5 -1
284.5 -1
285.5 -1
286.5 -1
287.5 -1
288.5 -1
289.5 -1
290.5 -1
291.5 -1
292.5 -1
293.5 -1
294.5 -1
295.5 -1
296.5 -1
297.5 -1
298.5 -1
299.5 -1
